0.0	 	 vrs 	 5.0

